10 0.05703125 0.0546875 0.0671875 0.075
11 0.16875 0.05390625 0.05625 0.0734375
12 0.278125 0.0515625 0.0609375 0.0703125
13 0.39140625 0.053125 0.065625 0.075
14 0.50078125 0.053125 0.065625 0.075
15 0.60625 0.053125 0.0609375 0.075
16 0.71953125 0.05234375 0.0625 0.075
17 0.8328125 0.05234375 0.065625 0.0765625
18 0.9375 0.0515625 0.0578125 0.078125
19 0.0546875 0.15234375 0.0640625 0.0734375
20 0.1671875 0.153125 0.053125 0.075
21 0.2765625 0.1546875 0.0609375 0.0734375
22 0.38828125 0.15625 0.0640625 0.0734375
23 0.49921875 0.1546875 0.06875 0.075
25 0.7171875 0.15390625 0.0625 0.0734375
0 0.6078125 0.1515625 0.0640625 0.084375
26 0.82890625 0.15625 0.06875 0.0828125
27 0.93984375 0.1546875 0.0671875 0.0796875
28 0.05625 0.25625 0.0671875 0.0796875
29 0.1671875 0.2546875 0.053125 0.0796875
30 0.278125 0.25390625 0.0625 0.078125
31 0.3859375 0.25546875 0.065625 0.078125
32 0.5 0.2546875 0.065625 0.0796875
33 0.609375 0.25390625 0.0640625 0.0734375
34 0.7171875 0.25625 0.06875 0.071875
35 0.83359375 0.25390625 0.065625 0.078125
24 0.0640625 0.69765625 0.078125 0.08125
1 0.16875 0.696875 0.071875 0.0796875
2 0.27734375 0.696875 0.075 0.078125
3 0.39296875 0.6984375 0.078125 0.078125
4 0.49765625 0.6984375 0.075 0.078125
5 0.609375 0.69921875 0.0703125 0.0765625
6 0.7203125 0.69765625 0.071875 0.075
7 0.8296875 0.69765625 0.0796875 0.0765625
8 0.93984375 0.696875 0.0640625 0.075
9 0.06015625 0.8015625 0.06875 0.08125