10 0.06181578628657397 0.05967708784171285 0.07374914976444431 0.08087814458064801
11 0.17346618576819434 0.06866996196999967 0.06267494872768506 0.07835873732333323
12 0.28263613421305545 0.07589528454314762 0.06836344743173602 0.07691824121118043
13 0.39605408524981467 0.08736860970819368 0.07218664976444433 0.08074144354388876
14 0.5054290852498147 0.09693768228134163 0.07218664976444415 0.08074144354388876
15 0.6108978352498147 0.10616500226259143 0.06867102476444416 0.08043386621118045
16 0.7241107347314351 0.11529457742763752 0.06906164976444433 0.08046804147037023
17 0.8373919847314351 0.1252054025926836 0.07232335080120364 0.08230394354388877
18 0.9420111342130554 0.13358312205555375 0.06347567683796314 0.08308041258252304
19 0.0680158510840275 0.157128286286574 0.07165932372768505 0.07914476828469894
20 0.18058420160240712 0.1677520109332404 0.059686649764444336 0.07964783524981471
21 0.2900959026391664 0.17888358350638836 0.06608804795011558 0.07749443965604152
22 0.40195135367592566 0.1902202076346752 0.07058997450525446 0.0802141175071295
23 0.5127521526391664 0.1983634812445824 0.07531164976444416 0.08101484561740727
25 0.7306525521207867 0.2166520258724986 0.06892494872768502 0.07890554147037028
0 0.6210725005656479 0.2047392032993507 0.07261623098499985 0.09008226828469894
26 0.8425763536759255 0.22876990000078545 0.0758926291706711 0.08765547061740726
27 0.9533771526391664 0.23691317361069264 0.07405672709715247 0.08439376958064804
28 0.07866897002851803 0.2611712373233332 0.07543365365229153 0.08684004535821739
29 0.18946976899175877 0.2693145109332404 0.05999422709715261 0.08316346024981466
30 0.3003389184733791 0.27823903454314763 0.06933505183796278 0.08359304147037028
31 0.40828811951013844 0.2892339060795363 0.07246005183796278 0.08386644354388881
32 0.5222822689917588 0.29843183176296206 0.07249422709715266 0.08425706854388881
33 0.6315889184733792 0.3072196543361099 0.06931557372768501 0.07893971672956006
34 0.739606470028518 0.31899577587249867 0.07503824769092589 0.07788984561740726
35 0.8558076684733791 0.32683625311106324 0.07246005183796278 0.08386644354388872
24 0.12509951291300792 0.7032609925071295 0.08523345391148132 0.08808505183796278
1 0.2297186623946283 0.7116387119699997 0.07894927865229154 0.08714762269092588
2 0.3383124123946283 0.721139434024768 0.08183505183796277 0.08468664976444433
3 0.45407411343138754 0.732817810744953 0.08496005183796278 0.08496005183796278
4 0.5587616134313875 0.7419767802078232 0.08183505183796277 0.08468664976444415
5 0.6705487139497672 0.7525321543361099 0.07583897580120365 0.08261152087659714
6 0.7813495129130079 0.7606754279460171 0.07843664976444434 0.08128824769092588
7 0.8907245129130079 0.770244500519165 0.08521397580120364 0.08343172709715282
8 0.982750168756203 0.7791006736106926 0.03449966248759395 0.0806047425071295
9 0.13028388185749845 0.8068254899152313 0.07585845391148131 0.08726484561740726