11 0.21051941244291025 0.1985229870575819 0.08034798294054105 0.20068584533250872
1 0.3343713095384808 0.1858648213855058 0.05823618460021498 0.19628677166910274
9 0.3817315616130733 0.18699541090451438 0.0664393096002149 0.19676454929288
0 0.4399584587086439 0.178159466222656 0.0662173111561593 0.19383486179288
3 0.4936279103683178 0.17814478469497722 0.07158560638459673 0.2030922525778956
27 0.6133959587086439 0.16805788217708076 0.08326310119811567 0.21349491440959847
15 0.6784173074638884 0.16193741381769902 0.08213877038925688 0.22431865783250865
13 0.7427758053892959 0.1542999480891532 0.07614619632282338 0.22221957560123923
12 0.705029780895172 0.6729589428274814 0.08176877298249732 0.2194358453325087
29 0.6414525329697645 0.6805509059251913 0.07770869632282337 0.22231058086291106
8 0.44023357508631317 0.6774923373116957 0.06830677972492279 0.2060124907391339
5 0.38163982508631317 0.68090503462439 0.07015047775405989 0.2098144335008058
11 0.15927957301172074 0.6899670344126285 0.08156740213168216 0.21164609664792663