11 0.2265625 0.21171875 0.06484375 0.196875
1 0.35 0.20625 0.04296875 0.19375
9 0.39765625 0.21015625 0.05234375 0.19375
0 0.45546875 0.2046875 0.05234375 0.19140625
3 0.509375 0.2078125 0.05703125 0.19921875
27 0.62890625 0.2046875 0.06796875 0.21015625
15 0.69375 0.20234375 0.06484375 0.22109375
13 0.7578125 0.1984375 0.06015625 0.21875
12 0.759375 0.7171875 0.06484375 0.215625
29 0.69609375 0.72109375 0.06171875 0.21875
8 0.49375 0.70625 0.05234375 0.20234375
5 0.43515625 0.70625 0.05390625 0.2078125
11 0.2125 0.70234375 0.06640625 0.2078125