11 0.21546679047991862 0.1945508703263615 0.07574746904634874 0.20183296525057665
1 0.33919089552287274 0.17972858588348264 0.05370869473608923 0.1970503768682943
9 0.3866424276350484 0.1800236611935104 0.06191181973608924 0.19767197251165017
0 0.4447415326780025 0.1701741418974785 0.061758281320220834 0.19474228501165017
3 0.498484008367743 0.1692143705268542 0.06691663246221716 0.2040818575221392
27 0.6181790326780024 0.15703183400938286 0.0783659271817779 0.21467627671328043
15 0.6831456134106971 0.14977451844761736 0.0769860122676862 0.22546577775057663
13 0.7474128312985215 0.14101390247093337 0.07103451421816516 0.22326396836246526
12 0.7217887957954439 0.6596455033007704 0.07673011490790564 0.22058296525057663
29 0.6583028279076195 0.6683469196923728 0.07259701421816515 0.2233823675326283
8 0.45673700588135213 0.6688358622284845 0.06356478177247649 0.20694045938927239
5 0.39814325588135213 0.6732758311095978 0.06532176376590967 0.2107697960594354
11 0.17569172376917655 0.6862414628578287 0.07671130413225695 0.21280006504311738