11 0.14296875 0.1984375 0.0828125 0.228125
6 0.29921875 0.19375 0.0828125 0.228125
3 0.37890625 0.1921875 0.0703125 0.2265625
4 0.45546875 0.19140625 0.0828125 0.2265625
9 0.53515625 0.18984375 0.075 0.228125
29 0.6625 0.1890625 0.0765625 0.2453125
10 0.74609375 0.1875 0.0796875 0.240625
25 0.8234375 0.18359375 0.075 0.2359375
13 0.821875 0.79296875 0.0765625 0.2328125
16 0.75 0.7953125 0.071875 0.2390625
28 0.67421875 0.79296875 0.0828125 0.240625
1 0.5296875 0.803125 0.059375 0.23125
0 0.45078125 0.803125 0.071875 0.228125
6 0.3734375 0.803125 0.075 0.240625
6 0.30078125 0.80625 0.071875 0.240625
11 0.1390625 0.8078125 0.084375 0.246875