11 0.13603915980398132 0.19427753424402466 0.09077880054030496 0.2305345976510021
6 0.2924528509109739 0.18504362358175658 0.09077880054030496 0.23053459765100212
3 0.37219491461330473 0.18116245414399984 0.07826515961472218 0.22978025979802066
4 0.4487846964644701 0.17815346291948847 0.0907242368379741 0.22897209765100207
9 0.5285267601668011 0.1742722934817317 0.08296630054030488 0.23030727711788873
29 0.6558977920179665 0.1697857187919832 0.08399804904269245 0.2486780181445444
10 0.7395461057202972 0.16579088908766976 0.08809031015895172 0.24294366943775675
25 0.8170262649761245 0.15963416580984705 0.08323911905195933 0.23811977711788868
13 0.7941839210670907 0.7690546299164698 0.08352061664729753 0.23500614314454432
16 0.7222270755135944 0.7734897288211131 0.08026416923336903 0.24232572390464338
28 0.6465276710670906 0.773350987992313 0.09121531015895172 0.24303459765100205
1 0.5016417570019401 0.7877126678549111 0.06745042794496676 0.23297763605166183
0 0.4227355070019401 0.7900086052393565 0.07984130054030487 0.2302163489046432
6 0.34539175700194014 0.7922590785171792 0.08340281015895182 0.24280727711788863
6 0.2726263795972784 0.7974981594751339 0.08027781015895182 0.2427163489046432
11 0.11085306589494755 0.8037661945105814 0.09299606496827523 0.24933006175762457