11 0.1371948084589195 0.20010109201940823 0.08945025956691147 0.22908861067790864
6 0.2935812007787876 0.19723172537395267 0.08945025956691151 0.2290886106779086
3 0.3733141648854102 0.19659647338477035 0.07693889354025582 0.22855253500954503
4 0.44989939693872155 0.19670610872849717 0.08940479546028879 0.2275261106779086
9 0.5296323610453442 0.19607085673931485 0.08163775956691133 0.22899770401018138
29 0.6569988430986555 0.1967713854232686 0.08256258781972789 0.24736162434356773
10 0.7406380572052782 0.1961815867679499 0.08668897241989289 0.2415522480108177
25 0.818095467471835 0.1931753127784494 0.08186508010002465 0.23681020401018132
13 0.7988019658889893 0.8025321314449039 0.08216477688677948 0.23368974934356784
16 0.7268587697290554 0.8040395401018134 0.07886510639323721 0.24107071634309057
28 0.6511457158889893 0.8008139954248594 0.08981397241989289 0.24158861067790846
1 0.5063189491959419 0.8092884720719058 0.06610368778015677 0.23194089067472703
0 0.4274126991959418 0.8083703147278609 0.07851275956691137 0.22896134134309057
6 0.3500689491959419 0.8074703387173614 0.08200147241989289 0.2414977040101814
6 0.27732177098269656 0.8097499067074981 0.07887647241989289 0.24146134134309066
11 0.11555755687607386 0.8094306386855447 0.09155832884638362 0.2478567920114542