11 0.12096976471990664 0.39557457594338974 0.09902494269174884 0.1875843996106063
1 0.20826067938413403 0.38015181591425984 0.056505633354544484 0.15784124373179384
2 0.2528282920512249 0.3845725429530063 0.07038632001909004 0.14262542069139794
3 0.30824249805058856 0.3814990187381115 0.07827154535327185 0.14910274122451134
4 0.36602772605027045 0.3808374406831507 0.07663632001909004 0.14280727711788863
22 0.47689250071608863 0.377815392253361 0.09077609068665815 0.14985707907749282
22 0.5440254567154523 0.3750828488381363 0.08604313735279448 0.14581443675762476
12 0.6041635253819069 0.3752707169431096 0.07007296568665815 0.14925467966474226
11 0.3043935287634955 0.7218966982049981 0.10508858402290802 0.1717506310370968
1 0.4447185367599957 0.7002072178010394 0.09251131335533991 0.16474629318411543
2 0.5124691107574504 0.683434906439126 0.0893954040221125 0.1654366149708702
3 0.5810918414226323 0.674497827130524 0.08946358402290802 0.17129598997087
4 0.6496782094207232 0.6624357478219218 0.09226613902370354 0.17723492715745975
22 0.7758952640833597 0.6364308404583591 0.09258858402290801 0.17138691818411544
22 0.8507225414146781 0.6237693675762478 0.09565904002227157 0.16679034639736087
12 0.9248231127466326 0.6157726626408252 0.09568176668920358 0.16874347139736087