11 0.11184273528009336 0.3847278485511255 0.09902494269174884 0.19097365707825792
1 0.19955182061586596 0.3611518437707636 0.056505633354544484 0.1597545342377263
2 0.2440467079487751 0.36142315160575794 0.07038632001909004 0.14503070018457018
3 0.2995700019494114 0.35318105259320703 0.07827154535327185 0.15178134793281667
4 0.3574097739497296 0.34713250925618216 0.07663632001909004 0.1454312183831675
22 0.46841999928391137 0.33377331123108034 0.09077609068665815 0.15297300933001132
22 0.5356620432845476 0.32478024059615956 0.08604313735279448 0.14876637068106335
12 0.5958364746180932 0.31936275293466065 0.07007296568665815 0.15164629279715774
11 0.28779397123650446 0.6943067003414536 0.10508858402290802 0.17535855027685515
1 0.4287189632400043 0.6595137908730148 0.09251131335533991 0.16791688887966066
2 0.4969058892425496 0.6364081554632692 0.0893954040221125 0.16849787978036196
3 0.5657831585773677 0.6210649552786991 0.08946358402290802 0.17435725478036196
4 0.6346967905792769 0.602596755094129 0.09226613902370354 0.18039185649224834
22 0.7616047359166401 0.564798761572534 0.09258858402290819 0.17455751387966068
22 0.8367774585853219 0.5451487931893666 0.09565904002227157 0.17007027297895938
12 0.9111143872533674 0.5302363895810238 0.09568176668920358 0.17202339797895938