11 0.6780053280549608 0.04081094923177442 0.24371655925034225 0.08162189846354884
9 0.693438796780437 0.2156173609243063 0.20218227711788864 0.08548155585660826
8 0.6969753222489731 0.28173700588135214 0.1902547585443795 0.0910969304043527
3 0.7036595797708204 0.3469116265281385 0.1995914803707052 0.10367715654634875
32 0.7042553101747793 0.4872909650627492 0.19684155925034225 0.11640400723608924
18 0.7123656753767585 0.5570711985544058 0.18612954819868044 0.05655815609409309
20 0.7053284136982759 0.61126405359736 0.21013116943775678 0.09057849163225704
11 0.3314783543814267 0.26968954375927895 0.25107441818411547 0.10364505766563052
1 0.33443455516021425 0.46298916440606536 0.236359874571035 0.09390322648068032
8 0.350584740895307 0.5245474621220731 0.19758570533113406 0.088360894391219
2 0.332959320203909 0.5941163336733707 0.1915971239442144 0.09701772077069996
9 0.34667482772575636 0.6589224621220732 0.20209134890464336 0.08235655585660809
24 0.350478126155546 0.7694914699239893 0.23142532782385156 0.11197599643772627
25 0.346847009304214 0.8406671070791191 0.23414115086424747 0.09807727074798578
21 0.3580596424528821 0.9110648162605163 0.2230289803707052 0.10490546387329473