11 0.6486722633458728 0.03145668750755469 0.23420785672980174 0.06291337501510938
9 0.6948482208739775 0.1851005389900527 0.19590605484777565 0.08282288924082418
8 0.7083960677179475 0.24801346141683434 0.18405134783255334 0.0878001426419038
3 0.7241603305695288 0.30755504579221205 0.19081068380210836 0.10095704411231435
32 0.7461056092384408 0.44176817943238456 0.18546064477166357 0.11284119898380443
18 0.7645001235728968 0.5080946757563585 0.17952567391627666 0.053096691906698724
20 0.7666011344473118 0.5596571757563584 0.19966043108350462 0.08905177131792996
11 0.35295915121604465 0.28615598254643027 0.2421344325663794 0.10051710624320069
1 0.3839730237631772 0.469630102032391 0.22311384783255317 0.09190577683196928
8 0.40904861961856415 0.5266238342021531 0.1874396388401644 0.08504464971900987
2 0.40316071695682576 0.5939333237239675 0.18274351581733086 0.09388591727430118
9 0.4259880633065042 0.6535171439451334 0.1946068458553869 0.07957472021512224
24 0.4467236690477228 0.7580427775853058 0.22492239279449713 0.10765394585767148
25 0.4534312668802761 0.8263822141662993 0.22322526507589338 0.09464015183196928
21 0.4749507812147321 0.892380259755068 0.2140571828135251 0.09873292462635348