11 0.0875 0.34140625 0.103125 0.2203125
9 0.275 0.30859375 0.05625 0.1859375
8 0.3375 0.2984375 0.0640625 0.1734375
3 0.39765625 0.2859375 0.075 0.18125
32 0.52890625 0.27265625 0.0875 0.1765625
18 0.59453125 0.25859375 0.03125 0.1734375
20 0.6453125 0.259375 0.0625 0.1890625
11 0.33203125 0.64296875 0.06875 0.2296875
1 0.5125 0.62265625 0.0625 0.2125
8 0.5703125 0.60234375 0.0609375 0.1796875
2 0.63515625 0.61171875 0.06875 0.171875
9 0.6953125 0.59296875 0.0546875 0.184375
24 0.7984375 0.5796875 0.0796875 0.2125
25 0.865625 0.57578125 0.065625 0.2125
21 0.93125 0.559375 0.071875 0.203125