11 0.06162978131937926 0.335798995219638 0.11981928299298636 0.22692105027685514
9 0.2516161638928028 0.2909709492617195 0.07033950124939983 0.18954216378737554
8 0.3148857584988624 0.27680951727574665 0.0759441335104734 0.1762958393733852
3 0.3759892018601666 0.26045452961424775 0.08873430373891082 0.1860562183831674
32 0.5082455948065523 0.2387623974437048 0.10087910622842174 0.18216975478036196
18 0.5749361873380195 0.22049445635843332 0.04439230788809567 0.17544009099298644
20 0.625658237752938 0.2180214959948304 0.07673750021210353 0.19189580698597286
11 0.28330999147791563 0.6216912206995193 0.08615467801396459 0.23409320018457008
1 0.4653179306900349 0.5898137577150226 0.07860228714217125 0.21650518198597285
8 0.5246696199021542 0.5657964643779978 0.0733815295687478 0.18351745527408667
2 0.5888029748811762 0.571016088067551 0.08177390871793264 0.1762807001845701
9 0.6503800149231325 0.5484111004060521 0.06748672707923689 0.18780443707548927
24 0.7545114078695181 0.5285213001291968 0.09461791214217126 0.21753150986987838
25 0.8219949057949257 0.5203094794942761 0.08172728714217134 0.2167054410852714
21 0.8888630970816374 0.4996977884090046 0.08726689212119325 0.2077309592838688