11 0.175 0.103125 0.0796875 0.12421875
6 0.30703125 0.10390625 0.07421875 0.11796875
1 0.36796875 0.10625 0.05 0.1140625
4 0.428125 0.11328125 0.071875 0.12578125
3 0.5 0.11328125 0.07421875 0.12578125
32 0.6328125 0.11875 0.0796875 0.12578125
27 0.7078125 0.12421875 0.0703125 0.1140625
30 0.77734375 0.12734375 0.0703125 0.121875
26 0.78515625 0.42265625 0.07578125 0.12421875
30 0.7109375 0.421875 0.0703125 0.12421875
5 0.5609375 0.4109375 0.065625 0.11796875
7 0.49375 0.41328125 0.06796875 0.12421875
7 0.42265625 0.4109375 0.071875 0.128125
3 0.35234375 0.4109375 0.0703125 0.128125
14 0.23671875 0.4078125 0.0703125 0.13203125
11 0.1578125 0.4078125 0.0859375 0.13203125
11 0.12890625 0.72890625 0.08203125 0.15
4 0.27578125 0.72578125 0.0859375 0.14609375
5 0.3546875 0.72734375 0.07578125 0.15
7 0.434375 0.728125 0.084375 0.14765625
6 0.51328125 0.728125 0.07578125 0.14765625
29 0.63671875 0.728125 0.06796875 0.14609375
29 0.709375 0.72734375 0.078125 0.14765625
21 0.784375 0.72734375 0.07421875 0.14609375