11 0.18281434523075957 0.11127575599585604 0.09031650871677152 0.12857077341772816
6 0.3149047948158411 0.11820646029630097 0.08252755015849722 0.12081231585986352
1 0.3760198935710856 0.12338841997342942 0.05855434004427842 0.11521941242738745
4 0.4367089398368192 0.13322149234700492 0.08145053288693452 0.12971481942686944
3 0.5085839398368192 0.13656912427387435 0.08438022038693446 0.1298512718151929
32 0.6418108369323898 0.14822371587787225 0.08800235850931237 0.1288522365070693
27 0.7172252340279603 0.1571856470189534 0.08012751442190087 0.11739193827509298
30 0.7869932823682865 0.1635491170351641 0.07954763527271602 0.12514985731976358
26 0.817183225529098 0.45922549007069335 0.08573552183914934 0.1271896714222988
30 0.7429052759440165 0.4549874462331651 0.08094150871677144 0.12813412577509292
5 0.5920764817528752 0.43706358395100275 0.07460853703611932 0.12161122099844608
7 0.5250665805081198 0.43627802584545095 0.07792302183914934 0.1268257983867695
7 0.45379523175287534 0.4306230312221344 0.08158373195336796 0.13147263192686953
3 0.38348273175287534 0.42734817390237084 0.08002123195336797 0.13139985731976367
14 0.2676209334125493 0.4188378529765374 0.08027283018996441 0.13472016981976367
11 0.18871468341254927 0.41516273531769166 0.0947259551899644 0.13539333493549283
11 0.1841394628810507 0.7349101550862333 0.0939835078356503 0.1538479573507221
4 0.33077766454072466 0.7386259681541838 0.09696342272143159 0.14951041589082212
5 0.40980231371088766 0.7438635858130296 0.08656163283565022 0.15350227796696939
7 0.48954901329596917 0.7483563407754283 0.09551932189159462 0.15100014128371625
6 0.5684552632959692 0.7520314584342742 0.08751150939159462 0.15062717142229864
29 0.6918927632959692 0.7577806523956369 0.07849753459905387 0.14981809243144006
29 0.7644898137108876 0.7603834216260592 0.0893581212692169 0.1518809178552928
21 0.8394898137108877 0.7638766027671403 0.08583061022143142 0.14899189681519295