11 0.18160855027685519 0.10210687978308282 0.08885722277823956 0.1252751135823702
6 0.31368986505167984 0.10211999444085511 0.0811550449174053 0.11781119567162701
1 0.37477755937615387 0.10410922043675001 0.05723435996216342 0.11318151649054778
4 0.43538439234957577 0.11079049161218475 0.07997297732788891 0.12678534401766242
3 0.5072593923495757 0.11037233509452234 0.08290266482788873 0.1268023884409367
32 0.6404223457733484 0.11506840457275483 0.0865385051656519 0.1256521030437508
27 0.715772799197121 0.12010081733693316 0.07879383212440043 0.11447838392789249
30 0.7855043082964197 0.12282129635789019 0.07812260487264702 0.12228406615858281
26 0.8122412931801414 0.41808834456249205 0.08428993811600272 0.12407710380001635
30 0.7379724784053167 0.4177388866187739 0.07948222277823955 0.12522057142789253
5 0.5872715715577714 0.40767406109041726 0.07322232957964232 0.11893648258134389
7 0.5202342658822454 0.4104086965308408 0.07647743811600254 0.12403165200461821
7 0.4489903215577714 0.4084785578689634 0.08008562307124442 0.12854315651766246
3 0.37867782155777147 0.40888762402754625 0.07852312307124425 0.12853406615858282
14 0.2628525624584728 0.40643531059943794 0.07873589836424913 0.13185437865858277
11 0.18394631245847282 0.40689437373295867 0.09318902336424913 0.13193846448006927
11 0.1756166849114083 0.7281562953759315 0.09222962426633483 0.1504806527363348
4 0.3222914258121097 0.7241768016224475 0.09526206431109303 0.14600778224937905
5 0.40129780536175896 0.7252802384889268 0.08480774926633483 0.15043747353070672
7 0.4810353701365836 0.7255978801758662 0.0937996938607423 0.14756119189029934
6 0.5599416201365836 0.7251388170423455 0.0857918813607423 0.1475146038000162
29 0.6833791201365835 0.7244206786750558 0.07678247397332996 0.14707170923530838
29 0.755985305361759 0.7232167269778536 0.0876247910229793 0.14869670545398073
21 0.8309853053617591 0.722780389742032 0.08412925181109321 0.14594301344093666