2 0.25735501773717195 0.15314415488134547 0.10922203963409079 0.2701140143192456
0 0.349542517737172 0.14885045306209987 0.10917954445367357 0.2664121736451338
8 0.4395865268364706 0.14154091315351308 0.10433690352990102 0.2607341966497045
9 0.5309427120616459 0.13806484863782043 0.11319611659283932 0.25919952564056314
27 0.6989615268364706 0.13005016573771996 0.11605565352990102 0.2601003314754399
15 0.794073767737172 0.12814607734048344 0.11250510294389145 0.25449383198878667
25 0.8833365268364706 0.1231842234821818 0.10001267253829908 0.2463684469643636
28 0.8378008906250001 0.6573316625000001 0.930242090625 0.6530261453125 0.9303314140625 0.6516322859375 0.9209904734375 0.422590103125 0.8389927406250001 0.4290945828125 0.8378008906250001 0.6573316625000001
2 0.43410877968749995 0.680807434375 0.5208651328125 0.6721236484374999 0.522483025 0.6468767921875 0.52998033125 0.4460908484375 0.445297365625 0.4473495578125 0.42126057031249997 0.68140585 0.43410877968749995 0.680807434375
1 0.4251210453125 0.6890152265625 0.43843045468749997 0.49991696875 0.4416358765625 0.44989706875 0.44154853125000004 0.44990113750000005 0.3857154234375 0.45516764375 0.37221435937499997 0.6894245703124999 0.412662696875 0.6895954843750001 0.4251210453125 0.6890152265625
9 0.3589059390625 0.6889835718749999 0.3634230328125 0.6250744671875 0.373975896875 0.4603993125 0.2935808625 0.458844534375 0.2741913015625 0.6906903484375 0.344793828125 0.6896408546874999 0.3589059390625 0.6889835718749999
1 0.2655097125 0.699360978125 0.283468225 0.51140875625 0.2867981984375 0.459445246875 0.22917917031249999 0.46473953281249997 0.20934872968749998 0.70373849375 0.228614040625 0.702841196875 0.2655097125 0.699360978125
11 0.050556739427601825 0.5914190585198366 0.10111347885520365 0.257555154207569