11 0.13984375 0.203125 0.0796875 0.2296875
11 0.1375 0.81015625 0.0796875 0.25
6 0.3 0.80078125 0.0734375 0.2421875
6 0.3046875 0.1875 0.0703125 0.221875
3 0.378125 0.18828125 0.078125 0.234375
4 0.4546875 0.1890625 0.0703125 0.234375
9 0.528125 0.18984375 0.0765625 0.240625
29 0.6625 0.18828125 0.0640625 0.234375
10 0.7421875 0.19296875 0.0796875 0.240625
25 0.8171875 0.1890625 0.06875 0.2359375
13 0.82109375 0.79609375 0.0765625 0.2390625
16 0.74921875 0.79765625 0.0703125 0.2328125
28 0.6765625 0.79609375 0.075 0.2265625
1 0.52734375 0.80234375 0.0484375 0.234375
0 0.45 0.80390625 0.071875 0.2171875
5 0.375 0.79375 0.06875 0.2265625