11 0.0734375 0.1875 0.096875 0.296875
11 0.06796875 0.68984375 0.0828125 0.2984375
1 0.284375 0.19609375 0.078125 0.29375
1 0.29375 0.6765625 0.065625 0.290625
6 0.3796875 0.1875 0.0890625 0.290625
6 0.37734375 0.67578125 0.0828125 0.2859375
4 0.46796875 0.67421875 0.0828125 0.29375
4 0.4703125 0.18671875 0.078125 0.3
3 0.55390625 0.18359375 0.0859375 0.3015625
3 0.553125 0.68046875 0.0875 0.2859375
12 0.709375 0.68671875 0.09375 0.2828125
12 0.70703125 0.190625 0.0921875 0.29375
22 0.80390625 0.18515625 0.1015625 0.29375
22 0.9125 0.18828125 0.1140625 0.3046875
22 0.91171875 0.68671875 0.103125 0.29375
22 0.809375 0.6890625 0.103125 0.2875