11 0.05899949744046366 0.1845076511788636 0.11799899488092731 0.30082235376405225
11 0.027865544576016983 0.6870742356655439 0.055731089152033966 0.3018118507983029
1 0.2649174543022551 0.18450635669262075 0.10727255849542665 0.29693334980971964
1 0.226617591337661 0.6645931047154543 0.09446247808590087 0.29329901384016444
6 0.36108267542845107 0.17202891992476288 0.11907185308590088 0.2943017690302261
6 0.3102888614400424 0.6604056704190545 0.11118485747161211 0.28931185079830274
4 0.40106890164480535 0.6551504846397798 0.11196005849542665 0.29712435079830257
4 0.4517851955308325 0.16755498414548817 0.10789271931447826 0.30318334980971956
3 0.5356890259403583 0.1610237998490882 0.11586025951924128 0.30506418479069153
3 0.4856049908257537 0.6579306333471854 0.11587235747161202 0.2895028517868859
12 0.6412348300067021 0.6578139337277463 0.12181227706208624 0.2866325197716634
12 0.6881163450189253 0.16181568422203785 0.12133505849542665 0.29750635277546905
22 0.7855339857355954 0.15239958045798557 0.13071005849542666 0.2978883547526355
22 0.8938176553260696 0.15287172222999887 0.14312346492876707 0.30574344445999774
22 0.8435785800067022 0.6495690577205726 0.13227255849542666 0.29795202174882984
22 0.7410022696995577 0.6560829959713053 0.1316523976763751 0.29170202174882964