11 0.1588062832776518 0.19661167266402574 0.10123914839825425 0.23457087996239873
11 0.21313133464971118 0.8037520845746846 0.10419787749557141 0.2537660859177279
6 0.37475614080612724 0.7868085254356754 0.09721854929258482 0.24566248748930483
6 0.3221913768716786 0.1733089516143578 0.09219729596481958 0.22520443827509298
3 0.3957018096919772 0.17066979508038252 0.10000484608959823 0.23801373035529289
4 0.4723372425122759 0.1678850893321955 0.09336422108959823 0.23770443827509297
9 0.5458476753325746 0.1652459327982202 0.09785393365198765 0.24413637479285763
29 0.6800768096919773 0.15742481658711646 0.08477047108959823 0.23730417793601077
10 0.7602019066137692 0.15840081162471772 0.10097893365198747 0.24428192400706936
25 0.834837242512276 0.1510013804836366 0.09066631249974755 0.2379677077126577
13 0.8954122938843352 0.757850693965872 0.09887994301139003 0.24262845574818712
16 0.8236831595249325 0.7627608258927413 0.09204648044900096 0.23608735731976366
28 0.7508810438843353 0.7645823451231637 0.09615051788661155 0.23005568114108108
1 0.6022457564467245 0.7777823201017732 0.07031734608959823 0.2366310128202816
0 0.525047872087322 0.7829471631535131 0.09215032404302761 0.22053513192686952
5 0.44909974542343933 0.7762840942945942 0.0897911186561636 0.22859270771265763