11 0.7140625 0.08359375 0.3203125 0.140625
11 0.275 0.1421875 0.271875 0.14375
2 0.3046875 0.29453125 0.2859375 0.1421875
2 0.7390625 0.24921875 0.278125 0.1265625
2 0.76640625 0.475 0.29375 0.134375
5 0.75703125 0.36875 0.2703125 0.1546875
5 0.78515625 0.58984375 0.29375 0.140625
19 0.81953125 0.74296875 0.2890625 0.159375
19 0.825 0.8625 0.26875 0.1515625
24 0.39140625 0.91171875 0.2640625 0.134375
30 0.3859375 0.7953125 0.271875 0.1578125
6 0.33359375 0.63984375 0.3 0.1515625
7 0.3375 0.52109375 0.275 0.125
4 0.32578125 0.40546875 0.25 0.134375