11 0.8418346729276933 0.1552981639552829 0.3163306541446132 0.1680638019458694
11 0.3975235988211364 0.08032406858496086 0.2919221976422728 0.15186605762791222
2 0.38738854794628397 0.23394394642598226 0.30974636760421675 0.167791066556366
2 0.8362345662350726 0.32843565502682914 0.29648236364988423 0.14882287824476323
2 0.8034697816718426 0.55894926947517 0.3183487406270505 0.15857288940533038
5 0.8232955089344296 0.45155950932890027 0.2914897868247234 0.17957315908896182
5 0.792778973876908 0.6797702840856665 0.3131346586118278 0.16472743201900428
19 0.7876815914811246 0.8420657325435389 0.31357170456235506 0.18503311363426667
19 0.7606336132299545 0.9371041282447632 0.2883515286689121 0.1257917435104737
24 0.3126470993897901 0.8712473031636854 0.28436436562705036 0.15797968993316047
30 0.3375277411771135 0.7537967504037418 0.2947580375661607 0.18314333116686257
6 0.32674545558811924 0.584978566556366 0.319893994581383 0.17733652617480544
7 0.36175051387734547 0.4669240417995996 0.29491986364988404 0.14879560470581285
4 0.37881865566466894 0.3493371213449044 0.2702381986308559 0.1561717280826075