11 0.11484375 0.240625 0.103125 0.3078125
11 0.11953125 0.68046875 0.1125 0.2578125
2 0.27421875 0.66875 0.109375 0.275
2 0.28203125 0.2359375 0.09375 0.2671875
2 0.5078125 0.23671875 0.1 0.284375
5 0.4015625 0.23203125 0.125 0.2546875
5 0.6234375 0.23125 0.1046875 0.28125
19 0.778125 0.21640625 0.1265625 0.275
19 0.896875 0.225 0.1203125 0.25625
24 0.8921875 0.6578125 0.1046875 0.2515625
30 0.7765625 0.65 0.128125 0.25625
6 0.61875 0.68203125 0.1171875 0.2859375
7 0.50078125 0.6640625 0.09375 0.265625
4 0.3859375 0.6625 0.10625 0.2375