11 0.14013445661080343 0.24664370590203677 0.13535422839201408 0.3120451772385636
11 0.19105139759094078 0.686733117367426 0.1395971856544322 0.2637083751693421
2 0.34450720733392115 0.6831211957252714 0.138278664698061 0.28073210085908257
2 0.3068292805079955 0.25071813150092026 0.12170936883434588 0.2709288543077851
2 0.5326926431917969 0.2633320754171694 0.12988901690367669 0.2896157779283041
5 0.4259499670889889 0.25307624886834623 0.15176873491922688 0.2612384724103801
5 0.6477428544051878 0.26392297489677097 0.1330761911684714 0.286675024027346
19 0.8008702134129628 0.25718605325461646 0.1542942896980609 0.2815714441991625
19 0.9205234529347772 0.27200322704447755 0.14607358528682965 0.2624938955786435
24 0.9481434203279205 0.7045700655790883 0.10371315934415896 0.25815939902734614
30 0.8448802529226895 0.6906979160994867 0.15505796028682955 0.26296474672063963
6 0.6904343729585434 0.7144585634313818 0.14841261727127933 0.29214045200107874
7 0.5705770312311133 0.6903073332190856 0.12166831249244528 0.27053822930778504
4 0.45556905586351065 0.6827261273170487 0.13121225587559823 0.24306832654882307