11 0.7126033656661568 0.10021373916951448 0.3239389935055307 0.1481076318853996
11 0.2725181079555191 0.148588196047778 0.27438416558343126 0.1500779608654169
2 0.2995464379078609 0.3016229302802086 0.2872475170444809 0.14881549349265644
2 0.7347123705374207 0.2664206206284034 0.2803341566549776 0.13303593123013915
2 0.7581150941590966 0.4928383034740632 0.2960955243497292 0.14121210714194454
5 0.7505946948077197 0.38637009792697985 0.27303303551029645 0.16215096827423636
5 0.7748604890462467 0.6081184645682298 0.2962046185055307 0.14746210714194471
19 0.8065626822291133 0.7620435515742021 0.2918444009729348 0.16610300436840308
19 0.8099450064994123 0.881702088143334 0.2713750781239703 0.1566458506830557
24 0.37549214002247666 0.9208288315907295 0.2664080243497292 0.14052112290951407
30 0.37205526867427696 0.8042952950215975 0.2746500825881971 0.16531233586541702
6 0.3224252357998358 0.6476082307170489 0.3026455332781829 0.15854507750666685
7 0.3284042747600616 0.5289491496950003 0.2771818831160272 0.131400696047778
4 0.31870376664238675 0.4130513927611461 0.2523455243497293 0.14019381458888916