11 0.840625 0.140625 0.31875 0.1625
11 0.39453125 0.0734375 0.2859375 0.146875
2 0.378125 0.22734375 0.303125 0.1625
2 0.8234375 0.3140625 0.290625 0.14375
2 0.78125 0.5453125 0.3109375 0.153125
5 0.80546875 0.4375 0.284375 0.1734375
5 0.765625 0.66640625 0.3078125 0.159375
19 0.75390625 0.82890625 0.30625 0.1796875
19 0.72265625 0.93203125 0.2828125 0.1359375
24 0.27734375 0.86640625 0.278125 0.153125
30 0.30703125 0.7484375 0.2875 0.178125
6 0.303125 0.5796875 0.3140625 0.171875
7 0.34296875 0.4609375 0.2890625 0.14375
4 0.36484375 0.34296875 0.2640625 0.1515625