11 0.3944673231976358 0.7368928957982799 0.02336903349844608 0.06752125332776515
1 0.4470293970189534 0.7464668947582902 0.018408628721799047 0.06122428140597336
1 0.4961389851082946 0.7487179124371058 0.016755160462916762 0.05912529076537574
1 0.4342982646777992 0.8238415555320184 0.0166823858558109 0.057562790765376
1 0.4414986426757272 0.911633286813213 0.014756012820281583 0.04960442512477847
2 0.4578685053721743 0.9123836260394848 0.021078787427387446 0.05175038768716789
8 0.4741655934615155 0.9115714652657567 0.02093323821317572 0.048625387687167884
3 0.4915350299792802 0.9170822373123272 0.019789192204034477 0.05746389704657062
3 0.4490692400706934 0.8236647791176928 0.0209792608558109 0.05796392127701857
4 0.4670743773742463 0.826123483984562 0.019680030293375596 0.055120147046570624
4 0.48589715198135214 0.8294363716717299 0.02607557950758732 0.05882860960895968
4 0.4821856470189534 0.74974887167173 0.023223484284234354 0.06439625332776515
5 0.4632173231976358 0.7433109839845621 0.01822669220403448 0.05731803140597318
28 0.5281702351082946 0.751708158069351 0.027619885855810898 0.058583850249557125
28 0.525032426588458 0.834645512686663 0.019352544561399298 0.04808889704657062
16 0.5446364511955638 0.8380313331941295 0.018617317204034478 0.057354497816122674
24 0.5633500638920109 0.8390004708812974 0.024031486248705037 0.0566931525582131
24 0.5648889851082946 0.755136000623388 0.01624573821317572 0.04818779076537592
19 0.5502271716260593 0.7576565270377135 0.0182448858558109 0.057708656405973356
15 0.5485298926757272 0.9216250831941295 0.017953787427387447 0.05145865640597336
27 0.5672798926757272 0.9233754708812973 0.024131012820281583 0.050479618968362415
27 0.532232804586386 0.9224372439678575 0.01651864298982275 0.05404716576537609
11 0.4008372553721743 0.9070595301576827 0.029327935070022626 0.06185471589015421
11 0.3926736908564816 0.8152886160561893 0.02744758467712849 0.06323488383940763