11 0.36171875 0.703125 0.0203125 0.065625
1 0.4140625 0.7078125 0.015625 0.0609375
1 0.46328125 0.70546875 0.0140625 0.0578125
1 0.39765625 0.78671875 0.0140625 0.05625
1 0.40078125 0.87421875 0.0125 0.0484375
2 0.4171875 0.8734375 0.01875 0.05
8 0.43359375 0.87109375 0.01875 0.046875
3 0.45078125 0.875 0.0171875 0.0546875
3 0.4125 0.78515625 0.0171875 0.05625
4 0.43046875 0.7859375 0.0171875 0.0546875
4 0.44921875 0.7875 0.0234375 0.0578125
4 0.44921875 0.7078125 0.0203125 0.0625
5 0.43046875 0.703125 0.015625 0.0546875
28 0.4953125 0.70546875 0.025 0.05625
28 0.48828125 0.7890625 0.0171875 0.0453125
16 0.5078125 0.790625 0.0171875 0.0546875
24 0.5265625 0.78984375 0.0203125 0.0546875
24 0.53203125 0.70546875 0.0140625 0.046875
19 0.5171875 0.709375 0.015625 0.05625
15 0.5078125 0.87421875 0.015625 0.05
27 0.5265625 0.87421875 0.021875 0.0484375
27 0.49140625 0.8765625 0.0140625 0.0515625
11 0.36015625 0.8734375 0.0265625 0.059375
11 0.35625 0.78203125 0.0234375 0.0609375