11 0.3345275953290493 0.7188336497508314 0.02539088544042354 0.0687895727943891
1 0.3877116826630668 0.7323943044389083 0.022254522491574048 0.06663618869509058
1 0.4377298633812261 0.7387234500276867 0.020660206234795454 0.06106730914544123
1 0.3631662006170477 0.8089172316445191 0.019093161055255513 0.06018592959579187
1 0.3574388962641257 0.8983604634459219 0.01748748184962743 0.05266392504614252
2 0.3746309414436656 0.9002431384920644 0.02374429961893707 0.054236318244739935
8 0.3910326462641257 0.9005132487633822 0.022547426131468207 0.04986434608250292
3 0.4074707125209044 0.9070333590347002 0.023767025516636054 0.05814256824473958
3 0.3780099506170477 0.8098684623661878 0.022218161055255516 0.06038618869509031
4 0.39678267651474675 0.8149762669619797 0.022202252926866173 0.057651813695090315
4 0.4147650620533662 0.8184715067829469 0.030035206234795407 0.06166808644333708
4 0.42289065856076585 0.7385534693060181 0.025763329722264316 0.06568960518180145
5 0.40488100194490767 0.730370729485051 0.022218161055255647 0.06038618869509058
28 0.4705605440993853 0.7439511705703223 0.03159543364502539 0.06137759099298634
28 0.4554218783101449 0.8265436250738292 0.022156801131468028 0.04983931369509058
16 0.4741946042078439 0.8316514296696209 0.023780661055255514 0.06048631824473958
24 0.49295823974646336 0.8351967342654127 0.02846134328594587 0.05961483189368764
24 0.5073020199970844 0.7502104649870814 0.019431516490547907 0.05122658698320422
19 0.49169520071524353 0.7523341694905883 0.022220433645025395 0.06077681369509058
15 0.466096278777683 0.9162569671465498 0.02178435684962743 0.05293928130767824
27 0.48564116431630244 0.9198523365171664 0.02686929961893707 0.054436577344038284
27 0.44969457395722284 0.915986856875232 0.020621572208706952 0.05442668414544087
11 0.3160008300073471 0.8902382803802149 0.03434798936318471 0.06467781770487271
11 0.3217099536421098 0.7976700485788122 0.03162270472226432 0.06606509099298634