10 0.05862249373179383 0.050032079846339464 0.06936977711788869 0.08048446757828502
11 0.1703185116784825 0.040131308175470184 0.058386813011266005 0.07802914727484327
12 0.2796253155185485 0.03356825728701955 0.0641893578779877 0.0671365145740391
13 0.3929520296251712 0.030676624311437074 0.06780727711788873 0.06135324862287415
14 0.5023270296251712 0.02621252279422833 0.06780727711788863 0.05242504558845666
15 0.6077957796251712 0.021836108985393336 0.06429165211788863 0.04367221797078667
16 0.7210542975718598 0.016829921880993592 0.06468227711788863 0.033659843761987183
17 0.8343355475718598 0.012660786045558953 0.06785274122451135 0.025321572091117905
18 0.9390003155185485 0.008204656138202376 0.058913830331134065 0.016409312276404752
19 0.05912025039571141 0.14787964848279125 0.067371188011266 0.07876253538124187
20 0.17164298244902274 0.1394776039331047 0.05530727711788872 0.07933655575957421
21 0.2810634465556454 0.13211190089868724 0.06186833993129905 0.07714425022952098
22 0.39282766066226815 0.12455487922781798 0.06623341109123296 0.07983875106301595
23 0.5037196965556454 0.11393663043576596 0.07093227711788863 0.08061201333591957
25 0.7216657145023341 0.09536274724574828 0.06463681301126592 0.07853933030538143
0 0.6122225183424 0.10194720028016575 0.06768943675762476 0.08970003538124187
26 0.8334526606622681 0.088586975574879 0.07112549957103517 0.08725263833591956
27 0.9443446965556455 0.07796872678282699 0.06947207135778974 0.08400009257828503
28 0.0637061134861197 0.25165835272515674 0.07071214251772373 0.08643950189651087
29 0.17459814937949703 0.2410401039331047 0.05540957135778975 0.08285218075957419
30 0.28551291732618567 0.23120310514105272 0.06477320533113406 0.0832268303053814
31 0.39337088143280835 0.2239649478642698 0.06789820533113407 0.08348192182065048
32 0.507410649379497 0.21387285755694868 0.06790957135778974 0.08387254682065048
33 0.6167629173261856 0.2041634045225312 0.06502743801126591 0.07857121674479002
34 0.7246436134861197 0.1977064972457483 0.07084134890464337 0.07748701333591956
35 0.8409816673261856 0.1858605883019754 0.06789820533113407 0.08348192182065048
24 0.08436222360702712 0.6924268739369841 0.08048913354437941 0.0876272878817268
1 0.18902699155371577 0.6831000581754701 0.07422776751772378 0.08672647985118864
2 0.2976207415537158 0.67423562801987 0.07727320533113406 0.08424719636645772
3 0.41329120566033845 0.6663597419549143 0.08039820533113406 0.0845022878817268
4 0.5179787056603384 0.6578141761934005 0.07727320533113406 0.08424719636645772
5 0.6297201877136498 0.6494759045225311 0.07136836622451134 0.08220639977532826
6 0.740612223607027 0.6388576557304793 0.07405727711788863 0.08086710485118864
7 0.849987223607027 0.6299294526960617 0.08074336622451135 0.08297167432113532
8 0.9601207415537157 0.6201562267828271 0.06624477711788898 0.08022937606301603
9 0.08347933669743542 0.7966519883310703 0.07111413354437941 0.08686201333591956