11 0.1234375 0.33046875 0.0703125 0.1671875
1 0.20703125 0.32421875 0.034375 0.14375
2 0.2484375 0.33203125 0.05 0.128125
3 0.30078125 0.334375 0.0546875 0.1328125
4 0.35546875 0.33828125 0.0546875 0.125
22 0.45859375 0.3453125 0.06875 0.1328125
22 0.521875 0.34921875 0.065625 0.125
12 0.578125 0.35390625 0.046875 0.1359375
11 0.25546875 0.65 0.078125 0.1484375
1 0.38828125 0.6421875 0.06875 0.14375
2 0.4546875 0.6328125 0.065625 0.146875
3 0.51953125 0.63046875 0.065625 0.1515625
4 0.584375 0.625 0.065625 0.15625
22 0.70546875 0.61171875 0.0671875 0.1515625
22 0.77734375 0.60703125 0.0703125 0.1453125
12 0.84765625 0.60546875 0.0703125 0.1484375