11 0.0925869170136665 0.3319050753500902 0.0870919985439134 0.168019296009704
1 0.17676412957605578 0.32662777669477144 0.047794638934953546 0.14414998933799977
2 0.21744105137306918 0.3349220820337257 0.06196098252898034 0.12870680267345422
3 0.2695660029121732 0.3378749067074981 0.06697668022032435 0.13227697167409058
4 0.32388883881067987 0.3424175033815887 0.0663567512477857 0.12563634667409057
22 0.426357443427992 0.35064872139558806 0.08125797868122024 0.13478435367599956
22 0.4892740293264987 0.3552913154041786 0.0772942512477858 0.12576361600890867
12 0.5450864324047067 0.3606333434118146 0.059565310731967004 0.13648294000636332
11 0.19478864351151426 0.6529726480346802 0.09209163508719351 0.1505184416772721
1 0.32833047171450086 0.6467055613860431 0.0821696389349535 0.14454997867599956
2 0.3956119155580848 0.6381032680617245 0.07933637021614821 0.14763861600890865
3 0.46067446401898077 0.6365140434038604 0.07977396713794019 0.15232611600890883
4 0.5260287437610713 0.6317998187459963 0.08021156405973215 0.15701361600890867
22 0.6483623517061486 0.6199276220957683 0.08133646713794018 0.15234429734245403
22 0.7206749486279407 0.6160764634388588 0.08387800457555095 0.1461306600095451
12 0.791133314268538 0.6153321234484037 0.08416973585674548 0.1492556600095451