11 0.07993623205758826 0.41589450502197706 0.10884056635899882 0.20089853582812633
1 0.1656010120544066 0.3829188076513258 0.06707068968808994 0.16505285891317617
2 0.21090442138763388 0.377108326310437 0.07979768268618093 0.15242108851877384
3 0.2655010147199066 0.36322606434729526 0.08612040802036276 0.1593647756002758
4 0.32401294871895214 0.3496914979582149 0.08604768268618095 0.1531147756002758
22 0.43244306671704313 0.3235761849171192 0.09863858935390812 0.16231464976327956
22 0.4995305693825432 0.3075252987909737 0.09542722801956724 0.15454593122252866
12 0.5596140940483615 0.2945985606315178 0.07830790802036276 0.15849766674839838
11 0.28585261409926815 0.7004676357583527 0.11449994668999892 0.1843613674670344
1 0.42294353409449564 0.6500502699653108 0.10190904002227175 0.17516149330403047
2 0.49063956409131393 0.6190689229539774 0.09882040268936265 0.17793964976327956
3 0.5584265007558595 0.5959000759426443 0.10043744668999892 0.182800571533655
4 0.624623665420087 0.5705609007016864 0.09930193435708982 0.18579550520587346
22 0.7483878820814509 0.5177113699568359 0.10356244668999892 0.18314741507440607
22 0.8223793654121326 0.4899425858640008 0.10507040268936266 0.17863333684478153
12 0.8956350520766783 0.4661667626563533 0.10549739035645338 0.1818016922873753