11 0.10226010024916858 0.34489652453733444 0.08219823681247736 0.17554282512763358
1 0.18625436844776586 0.3484172326100863 0.043586918567737595 0.14776786126356142
2 0.22715997069951926 0.36106942913210355 0.05821062307124434 0.1339691618379076
3 0.2793535263750453 0.3695312860561631 0.0631234145579553 0.13803267701021146
4 0.333790702500922 0.37982958806637457 0.06269786397194572 0.13139205201021148
22 0.4364651195275 0.39891442185705905 0.07733610888242932 0.14202009752712302
22 0.4994960456533767 0.41021718918316086 0.07363536397194573 0.1326704624122538
12 0.5554456570044287 0.42147937125080703 0.055586270819490836 0.14141640172303843
11 0.2138148573458824 0.6798600143905593 0.0877124043789225 0.15874087787173075
1 0.34712800509412906 0.6875710692725014 0.0779619185677376 0.15178572252712286
2 0.414135032392025 0.6859578467134725 0.07503717766703626 0.1545454624122538
3 0.4791289767164989 0.691193244097009 0.07533756631598418 0.1592329624122538
4 0.5443231801402716 0.6933036414805455 0.07563795496493206 0.1639204624122538
22 0.6662680313122908 0.6941762209317279 0.07690006631598419 0.15941559246968834
22 0.7384434199612387 0.6978897035737202 0.07962454811738695 0.15353085258455756
12 0.808856049510888 0.7045455561582779 0.07982480721668557 0.15665585258455755