11 0.0848738010055212 0.4255278798696163 0.11104110353284738 0.19092391903336078
1 0.17026578713781285 0.403590424511885 0.06890750170923625 0.15895117025117678
2 0.2155601033422226 0.4036001071414449 0.08147081838861121 0.14511367694751698
3 0.27006576538631977 0.3967421810047068 0.08786628875333342 0.15147277110331842
4 0.32849586122600727 0.39073368871534453 0.0877208183886113 0.1452227711033184
22 0.43676230290538226 0.37856669967239315 0.10040265634451409 0.15325345941492108
22 0.5037497811538891 0.37114571184725775 0.09710491028640647 0.1457770373370204
12 0.563760560789167 0.3659457430968459 0.08005378875333342 0.1513364034085667
11 0.29436378267250063 0.7360910531636854 0.1165004350298613 0.17383869480442443
1 0.4310455118709381 0.7033348745913153 0.10381859707395838 0.16580800649282174
2 0.49846874800322977 0.681083773535655 0.10076633225631966 0.16887845941492116
3 0.5660738220914242 0.6666451724799949 0.10243793502986129 0.17359323295387147
4 0.6320618447928478 0.6498355478853843 0.10133879521222226 0.1766977777996587
22 0.7553714050133339 0.6129412942319363 0.10556293502986129 0.17364778003177203
22 0.8291355601235768 0.5947055373320774 0.10701633225631965 0.16898755357072232
12 0.9022093842117712 0.5803623936627434 0.10747969243868098 0.17211937195546004