11 0.11640625 0.3921875 0.096875 0.1859375
1 0.20390625 0.37421875 0.0546875 0.15625
2 0.2484375 0.37734375 0.06875 0.140625
3 0.30390625 0.37265625 0.0765625 0.146875
4 0.36171875 0.3703125 0.075 0.140625
22 0.47265625 0.3640625 0.0890625 0.1484375
22 0.53984375 0.359375 0.084375 0.1421875
12 0.6 0.3578125 0.0671875 0.1484375
11 0.29609375 0.71328125 0.103125 0.16875
1 0.43671875 0.6875 0.090625 0.1609375
2 0.5046875 0.66875 0.0875 0.1640625
3 0.5734375 0.6578125 0.0875 0.16875
4 0.6421875 0.64375 0.0890625 0.1734375
22 0.76875 0.6140625 0.090625 0.16875
22 0.84375 0.59921875 0.09375 0.1640625
12 0.91796875 0.5890625 0.09375 0.1671875