11 0.075 0.42421875 0.1078125 0.1890625
1 0.1609375 0.40078125 0.0640625 0.1578125
2 0.20625 0.4 0.078125 0.14375
3 0.2609375 0.3921875 0.084375 0.15
4 0.31953125 0.38515625 0.084375 0.14375
22 0.428125 0.37109375 0.096875 0.1515625
22 0.4953125 0.3625 0.09375 0.1453125
12 0.55546875 0.35625 0.0765625 0.15
11 0.27734375 0.73125 0.1125 0.171875
1 0.41484375 0.69609375 0.1 0.1640625
2 0.4828125 0.67265625 0.096875 0.1671875
3 0.55078125 0.65703125 0.0984375 0.171875
4 0.6171875 0.6390625 0.0984375 0.175
22 0.74140625 0.6 0.1015625 0.171875
22 0.815625 0.58046875 0.103125 0.1671875
12 0.8890625 0.56484375 0.1046875 0.1703125