11 0.6844066930324779 0.0855076433445603 0.24929811151914832 0.11605471741393629
9 0.7213798898579775 0.2808983977931846 0.20612219636645754 0.08314937551288208
8 0.7322693345574453 0.34752748227986496 0.19452300439699588 0.08890595629237552
3 0.7462200063780957 0.4135026507589341 0.2044958590186635 0.10138141652049341
32 0.7623866245652039 0.5543186517475173 0.20242311151914832 0.11414470752810466
18 0.778282433658758 0.6250449872227808 0.188591997729036 0.05440362229998676
20 0.7772140122971495 0.6787284027361005 0.21431733363936126 0.08815521049385407
11 0.36331216940475447 0.30134757167228016 0.2558351539428031 0.10074805239490825
1 0.3877215933514369 0.49544774015134935 0.2406486408364045 0.09117475768011012
8 0.41079217365681825 0.5586799106075848 0.2016897878817268 0.08608337452429886
2 0.40077918699273785 0.6267932406456409 0.19617317598812534 0.09481308153952135
9 0.4217611088133883 0.6930549106075847 0.20586710485118864 0.08002437551288218
24 0.43784810760544035 0.8042789120904595 0.23667855348861017 0.1093112981934297
25 0.4420889395778117 0.8753089950942652 0.23865564166989942 0.09537613218581846
21 0.4611735215501831 0.9469439145619175 0.2279333590186635 0.10233642146340927