11 0.6796875 0.0578125 0.240625 0.10625
9 0.70078125 0.25234375 0.2 0.075
8 0.70625 0.31875 0.1890625 0.08125
3 0.71484375 0.384375 0.196875 0.0921875
32 0.71953125 0.525 0.19375 0.10625
18 0.7296875 0.5953125 0.1859375 0.046875
20 0.72421875 0.64921875 0.2078125 0.0796875
11 0.33984375 0.2875 0.2484375 0.090625
1 0.3484375 0.48125 0.2328125 0.0828125
8 0.36640625 0.54375 0.1953125 0.078125
2 0.35078125 0.6125 0.1890625 0.0859375
9 0.36640625 0.678125 0.2 0.071875
24 0.3734375 0.7890625 0.2296875 0.1
25 0.371875 0.86015625 0.2328125 0.0859375
21 0.38515625 0.93125 0.2203125 0.0921875