11 0.10340125165262984 0.339878931818781 0.11338621960192592 0.2221125535707224
9 0.28937298490340685 0.3037936071447402 0.06491017824559701 0.18691934740221222
8 0.3513999499572188 0.29254641558672656 0.07091402543342076 0.17336338494275116
3 0.4109740031003719 0.27899638433713847 0.08344185442427943 0.1825591298696163
32 0.5416054189399722 0.2634241570653099 0.09572353060296201 0.17808981818121905
18 0.6065754474760194 0.24821616842939562 0.03932798138875011 0.17398297077900685
20 0.6573930847795724 0.2481110284135096 0.0712511465044793 0.18898156655801357
11 0.36197800082406034 0.6371731229730527 0.07944786724456102 0.23088753571381487
1 0.5415006809316841 0.6137105292242885 0.0723973465663967 0.21359094155801356
8 0.5983671110393081 0.592388908283126 0.06813470481717374 0.18073071286485048
2 0.6636475086819432 0.6006320564166868 0.07675520678164424 0.17307503571381488
9 0.7229304633966729 0.5808320251670988 0.06210302863849115 0.18530911870904915
24 0.8254368792362732 0.5657507215963763 0.08841297156639669 0.2138704953322545
25 0.8924424427185084 0.5606717094215117 0.0755223465663967 0.21364548863591432
21 0.957303309343897 0.5431199707855974 0.08133569892376151 0.20437958279171548