11 0.6398146217071023 0.07831924895316027 0.24069535453816648 0.11628353590354186
9 0.6588708863165017 0.27296025493708387 0.19956098319051635 0.0670004894085939
8 0.6634517379212225 0.33727732807534777 0.1880717690095679 0.07296864057694456
3 0.6706864199354691 0.39852395260038254 0.19556209064767122 0.08561411094166686
32 0.6736041721210961 0.5348433123077784 0.1909430372857745 0.09797773247473973
18 0.6824849232139096 0.603175738219584 0.18153588450478395 0.038520905394583596
20 0.6773685964567336 0.654738238219584 0.2036580089583772 0.07294169148875014
11 0.30790546781884104 0.3297849510817711 0.24654318987981033 0.08095486645062522
1 0.312893183452055 0.5162679649494795 0.2271342690095679 0.0738778303564585
8 0.32965790567106457 0.5761702950215974 0.19127731360004213 0.06992546765710088
2 0.3144749469686409 0.6423765232701044 0.18712942982861955 0.07918227298576408
9 0.3286633588805061 0.7045680519554518 0.19807902778099057 0.0638482137152085
24 0.33452687495662836 0.8111999116628474 0.229856546057197 0.08953010604984399
25 0.3316113559470605 0.880040830640799 0.227405589367903 0.07661220535645867
21 0.34361710703987397 0.9484459917349657 0.21853447003338244 0.0814721248093754