11 0.64609375 0.06328125 0.2296875 0.1109375
9 0.684375 0.25703125 0.1921875 0.0625
8 0.6953125 0.32109375 0.18125 0.06875
3 0.70859375 0.38203125 0.1875 0.08125
32 0.725 0.51796875 0.1828125 0.09375
18 0.740625 0.5859375 0.178125 0.034375
20 0.740625 0.6375 0.196875 0.0671875
11 0.33984375 0.321875 0.2390625 0.0765625
1 0.36328125 0.5078125 0.2203125 0.06875
8 0.3859375 0.5671875 0.1859375 0.065625
2 0.37734375 0.63359375 0.1796875 0.075
9 0.39765625 0.6953125 0.1921875 0.059375
24 0.4140625 0.8015625 0.2203125 0.084375
25 0.41796875 0.8703125 0.2203125 0.0703125
21 0.43671875 0.93828125 0.2109375 0.0765625