11 0.16718565476924044 0.09905182978777763 0.09031650871677152 0.12668671034359383
6 0.2991577051841589 0.09676001833302059 0.08252755015849722 0.11909663523438374
1 0.35991760642891435 0.09768543227697886 0.05855434004427851 0.11405438791777782
4 0.4195410601631808 0.10331653001652744 0.08145053288693452 0.12804009669430566
3 0.49141606016318085 0.10164362082222181 0.08438022038693446 0.12810828592776918
32 0.6238141630676102 0.10402112557187446 0.08800235850931237 0.12702278395682298
27 0.6983997659720396 0.10774423119520773 0.08012751442190087 0.11572631729651048
30 0.7676942176317135 0.10925087338767296 0.07954763527271602 0.12351154160312508
26 0.753129274470902 0.4043815354317702 0.08573552183914934 0.1254102785189497
30 0.6789697240559835 0.40532774601284666 0.08094150871677144 0.1264685047965104
5 0.5297985182471248 0.39788153476618005 0.07460853703611932 0.12008212632958344
7 0.4624334194918802 0.40178909118694406 0.07792302183914934 0.1252284405630469
7 0.3915172682471247 0.4011000665856594 0.08158373195336796 0.12979790919430556
3 0.32120476824712474 0.4027366081887844 0.08002123195336797 0.12976154160312509
14 0.20581656658745073 0.4023028099361456 0.08027283018996441 0.13308185410312506
11 0.12691031658745072 0.40413937329076377 0.09472595518996439 0.1334182543215452
11 0.07367303711894932 0.7259059237276041 0.0939835078356503 0.15192293638367182
4 0.22078483545927535 0.7193623701566316 0.09696342272143159 0.14750803001493046
5 0.2995726862891123 0.7190883068020136 0.0865616328356503 0.1517501903255642
7 0.3792009867040308 0.7180148096518051 0.09551932189159462 0.14903416242375017
6 0.4581072367040308 0.7161782462971871 0.08751150939159462 0.14884777851894987
29 0.5815447367040308 0.713305206593923 0.07849753459905387 0.1482480398696616
29 0.6542601862891123 0.7108328636040271 0.0893581212692169 0.15006056705902787
21 0.7292601862891124 0.7090872192273604 0.0858306102214316 0.1472489109277692