11 0.17920202174882985 0.08267043356732329 0.08594477632102704 0.13425579297224127
6 0.311265105246927 0.06801944371409845 0.07841579558910369 0.12598925395660618
1 0.3722981057412186 0.06324062147414852 0.054599940475044836 0.11873478683790764
4 0.4327408572240934 0.06531234966695601 0.07702406831722133 0.13062469933391202
3 0.5046158572240934 0.061197466185382375 0.0799537558172215 0.12239493237076475
32 0.6376511917107738 0.05598553159101309 0.08361694307007568 0.11197106318202618
27 0.712874026197454 0.05134812327296843 0.07613206572219049 0.10269624654593686
30 0.782532610189843 0.05076598635927929 0.07527852570316255 0.10153197271855859
26 0.802378172470583 0.33088464613910673 0.08140483857388112 0.13255885655711674
30 0.7281275889724856 0.3387783238672509 0.07656977632102695 0.1331600126276336
5 0.577681919999125 0.34537330938097377 0.07045573333624944 0.1262251499122538
7 0.5105899204934164 0.35557015185066215 0.07359233857388112 0.13164570626994365
7 0.43940066999912497 0.361536069463937 0.07709569368794007 0.13652598264199217
3 0.36908816999912497 0.3697544220484946 0.07553319368794006 0.13634335258455757
14 0.2533358360067362 0.38014404629865606 0.07566848605485318 0.13966366508455758
11 0.1744295860067362 0.38936686419910405 0.0901216110548532 0.1413529931158278
11 0.1586069037246836 0.7138392702616444 0.08872921913466159 0.15965656428685512
4 0.30535456973229486 0.6935470448627907 0.09186648902060268 0.15555246565890374
5 0.38432448672848923 0.6858867269623428 0.08130734413466154 0.1587890715140407
7 0.4640438202265864 0.6773538440331774 0.09036765601679697 0.15693233560146921
6 0.5429500702265864 0.6681310261327293 0.08235984351679697 0.15599635655711666
29 0.6663875702265865 0.653703251595395 0.0733595517677486 0.15455560872686772
29 0.7390119867284893 0.6444297039246856 0.0841654062639428 0.15737369037173074
21 0.8140119867284892 0.635663461167824 0.08073367652060251 0.15425122649968212