11 0.08203125 0.18125 0.11875 0.2515625
11 0.1322115390625 0.7121394234375 0.1397235578125 0.4777644234375 0.042067307812499996 0.474759615625 0.02704326875 0.71514423125 0.1322115390625 0.7121394234375
1 0.2584134609375 0.709134615625 0.3094951921875 0.7076322109375 0.32001201875 0.47175480781249995 0.267427884375 0.47175480781249995 0.2584134609375 0.709134615625
1 0.462740384375 0.7061298078125 0.46875 0.47175480781249995 0.416165865625 0.4732572109375 0.4146634609375 0.7061298078125 0.462740384375 0.7061298078125
9 0.314002403125 0.709134615625 0.4146634609375 0.7061298078125 0.41165865312500005 0.4792668265625 0.3230168265625 0.474759615625 0.314002403125 0.709134615625
9 0.54453125 0.17578125 0.084375 0.2234375
2 0.51796875 0.5875 0.09375 0.23125
2 0.271875 0.16953125 0.0875 0.2390625
27 0.709375 0.1703125 0.090625 0.2265625
27 0.725 0.5796875 0.1015625 0.2359375
15 0.8015625 0.171875 0.0828125 0.2359375
15 0.82109375 0.57578125 0.0875 0.2328125
28 0.91484375 0.578125 0.1015625 0.228125
25 0.88828125 0.171875 0.09375 0.240625
8 0.4515625 0.16953125 0.0875 0.23125
0 0.36171875 0.16796875 0.0984375 0.23125