11 0.09788857026407373 0.18029547998886414 0.14065634114067083 0.25177240634945386
11 0.1947958734375 0.7099360124999999 0.1862333953125 0.5554252953125001 0.17923424062499999 0.47542459218750005 0.0838835984375 0.473605128125 0.08984093125 0.712179946875 0.15912810625 0.71137371875 0.1947958734375 0.7099360124999999
1 0.361864634375 0.48909353437499997 0.35999427968750003 0.4677152859375 0.30836331562499997 0.4683160671875 0.319990471875 0.7032455515625 0.371022103125 0.7026517453125 0.361864634375 0.48909353437499997
1 0.5136833984375 0.526014340625 0.5084438828125 0.4661264015625 0.45752406562500003 0.46817889062500007 0.47617100468749995 0.6983000453125 0.5243010578125 0.6977400015625 0.5136833984375 0.526014340625
9 0.45671652187499995 0.7016546 0.47580139531250004 0.7008607578125 0.46921081875 0.6255301203125 0.45394340624999996 0.47399136249999996 0.3649072484375 0.47051559374999996 0.3762801265625 0.7025905625 0.45671652187499995 0.7016546
9 0.5599101166354163 0.1694450552594125 0.10392324825657369 0.224419292011454
2 0.5693683398214804 0.5814728879296851 0.1139817534403699 0.23234088001272682
2 0.2867070624883793 0.1663676979630926 0.10841525862416619 0.24008065467854492
27 0.7242754130067589 0.16205817457036806 0.11054917610766157 0.22878889234563582
27 0.775716084637684 0.5712513612349136 0.12092995577307822 0.23593377568029475
15 0.8165996140435181 0.1625479758911868 0.10472875732821726 0.23808662167806766
15 0.871468082045786 0.5662269592218687 0.1078684544771292 0.23383065467854483
28 0.9523313539587495 0.5674798292091421 0.09533729208250108 0.22930678668045382
25 0.9033183640435183 0.16153891187941463 0.11480195966092524 0.24171588001272667
8 0.4663945624883793 0.16427684460536646 0.10773175344037007 0.23226815467854492
0 0.37641411145162007 0.16375977128422953 0.1186692534403699 0.232395424013363