11 0.09470548466476125 0.18987183179913752 0.13625901814679303 0.2628717529377991
11 0.1823009953125 0.7254098890625 0.176451 0.5714770859375 0.17085680625 0.49147638281250006 0.07555755 0.47855554062500005 0.0773281109375 0.71539091875 0.1466152859375 0.7226732953125 0.1823009953125 0.7254098890625
1 0.353210109375 0.5263045015625 0.35171519687499997 0.5049262531250001 0.3000842328125 0.4994996203125 0.3075874140625 0.7333880828125 0.3586190453125 0.738751721875 0.353210109375 0.5263045015625
1 0.50435014375 0.58055394375 0.5001623703125 0.5206660046875 0.44921693906250004 0.516759203125 0.4638228265625 0.746707053125 0.5119528796874999 0.751765725 0.50435014375 0.58055394375
9 0.4443134640625 0.74775856875 0.46340836875 0.7491985328124999 0.45814073750000006 0.6738678953125 0.4455350375 0.5220947890625001 0.356578034375 0.508270946875 0.36387706875000003 0.7393043625 0.4443134640625 0.74775856875
9 0.5568230724119452 0.23301379060951288 0.0999992720436282 0.23230566985054146
2 0.5590507520168124 0.6419407093602684 0.10992057526193691 0.2411035220561571
2 0.28372977983729825 0.19810646396285578 0.10421687848024544 0.24825912058574667
27 0.7212844101591291 0.24487081689158924 0.10654973881369792 0.23725944632095192
27 0.7655356987985037 0.6558880705676154 0.11680703671017553 0.24531710486846842
15 0.8135811708027909 0.2561226135801438 0.10056467767566843 0.24593648850864086
15 0.8613562971893494 0.6620816806751766 0.10377983590559836 0.24200912058574672
28 0.9482564555837676 0.6742789527313338 0.10348708883246474 0.23879964889417024
25 0.9002999208027909 0.26523712148208917 0.11057613912390707 0.25047852205615717
8 0.46341727983729825 0.21699238123715703 0.10367057526193672 0.24044662058574665
0 0.3734642691936365 0.2059869226000064 0.11460807526193673 0.241596198158965