2 0.26796875 0.165625 0.0921875 0.26640625
0 0.36015625 0.165625 0.09296875 0.2609375
8 0.45 0.1625 0.0890625 0.2578125
9 0.54140625 0.16328125 0.096875 0.2546875
27 0.709375 0.1625 0.0984375 0.2578125
15 0.8046875 0.165625 0.0953125 0.25
25 0.89375 0.1625 0.08359375 0.24765625
28 0.9749760859375 0.6979495906250001 0.9507316937500001 0.46631540937500005 0.8689065656249999 0.469008821875 0.8825440859375 0.7006430031249999 0.9749760859375 0.6979495906250001
2 0.4658423265625 0.7033364140625 0.5658507484374999 0.6979495906250001 0.5597896515625 0.471702325 0.4749340765625 0.469008821875 0.4658423265625 0.7033364140625
1 0.417353440625 0.708723240625 0.4703882015625 0.7114167421875 0.4719035265625 0.471702325 0.415838115625 0.4743957359375 0.417353440625 0.708723240625
9 0.40371592031250003 0.708723240625 0.40523124531250004 0.4797825609375 0.3234061171875 0.4743957359375 0.31886034375 0.7060298281249999 0.40371592031250003 0.708723240625
1 0.2552186109375 0.7168035671874999 0.3112839203125 0.7141101562500001 0.31886034375 0.4743957359375 0.259764384375 0.47708915 0.2552186109375 0.7168035671874999
11 0.08359375 0.5953125 0.09453125 0.253125