2 0.28635145765980063 0.16406600341784555 0.12169087868512811 0.2663566436856974
0 0.3785389576598006 0.16352967223214812 0.12147431448048636 0.26264684248058245
8 0.4680358641190496 0.1598819765850701 0.1163751507841722 0.2571519576982285
9 0.5595288250042374 0.16013144057891246 0.12514274857120283 0.2552511022629363
27 0.7274108641190496 0.15837297697785355 0.1280939007841722 0.25722013539132565
15 0.8230702076598007 0.16094346507399687 0.12423185826007632 0.2505613296731664
25 0.9117858641190496 0.15730031460645866 0.11160200494062238 0.2475600555954144
28 1 0.4614532640625 0.9212021937499999 0.4645166515625 0.9600783312500001 0.6933029234375 1 0.693070665625 1 0.4614532640625
2 0.5572068734375 0.7003372875 0.6431479234374999 0.695177346875 0.6403457765625 0.669930490625 0.6126469984375 0.4689250359375 0.5274924734375 0.46672520781250004 0.5443586640625 0.7004120359375 0.5572068734375 0.7003372875
1 0.549586896875 0.7081991640624999 0.5298000796875 0.5191496109375 0.524248375 0.4691297109375 0.5241610296875 0.46913022031249996 0.46879607031250004 0.47212806875 0.4963193890625 0.7064467578125 0.5371285484375 0.7082716437500001 0.549586896875 0.7081991640624999
9 0.48282468749999996 0.7054605578124999 0.47615648125 0.6415686875 0.457879196875 0.4768935328125 0.37655363125 0.4720481375 0.3977169109375 0.7037086765625 0.4687125765625 0.705542659375 0.48282468749999996 0.7054605578124999
1 0.390486853125 0.7120471171875 0.3755884046875 0.5243366593750001 0.36982097812500003 0.47237315 0.3126603703125 0.47532584218749996 0.334635234375 0.7141402421875 0.35390054531250004 0.7140281609375 0.390486853125 0.7120471171875
11 0.14966744451305689 0.5948261657892404 0.1232115143008273 0.2536783756089719