11 0.16119304778834054 0.20149777064768268 0.103951798063287 0.23178662301081773
11 0.2226508531019582 0.8085562926480009 0.10713543381641913 0.2509408840109767
6 0.3841655008963425 0.7972904339592747 0.10006430697840596 0.2430556586767949
6 0.32439454411231433 0.18395463995863826 0.09480437719957191 0.22270679600970408
3 0.39791415679611564 0.18388136728200236 0.10275880514039297 0.23528406667727225
4 0.474558769479917 0.1837717319382756 0.09611818014039279 0.2352067960097041
9 0.5480783821637182 0.1836984592616397 0.10068133161080332 0.24150224934356773
29 0.6822891567961157 0.18057236457673143 0.08752443014039298 0.23510679867520415
10 0.7624693328989235 0.18433261656591374 0.10380633161080333 0.24153861201065857
25 0.837058769479917 0.1795536625557324 0.09342486148229341 0.23556560367599957
13 0.9047665747935346 0.7865394592218687 0.10168898124320087 0.23995338534372673
16 0.8330558001611372 0.7889383005649592 0.09478207977279034 0.2336306600095451
28 0.7602353247935346 0.7882212325748224 0.0988126783023798 0.22743520401018139
1 0.6116734762639451 0.7962075499284124 0.0730713051403928 0.23493862133990895
0 0.5344939516315478 0.7986700259389119 0.09470232609676402 0.2180238413430903
5 0.4584264867421307 0.7893864799490933 0.09243950927667796 0.22619060367599958