11 0.08217045285270289 0.18236474974789846 0.11070217535011291 0.30364915990702757
11 0.10009873903723605 0.6850909120007145 0.09671244995721874 0.3042283141140718
1 0.2935082131917851 0.17620831285356423 0.09180662613590122 0.2992130321830867
1 0.32526140487683625 0.6560214989915938 0.0791610769216895 0.29521394703379294
6 0.3884204528527029 0.16094966359019838 0.1037704519216895 0.2969348021714652
6 0.4088187675732833 0.649394804555691 0.0961302531003719 0.29172831411407196
4 0.49937099296617743 0.6414951872233103 0.09649412613590122 0.29954081411407196
4 0.47900906554914996 0.15383129625781775 0.09209772456432468 0.30546303218308674
3 0.5624572663349383 0.14932338476130633 0.09998299917143036 0.29864676952261265
3 0.5848183413946009 0.6417904821437459 0.10081775310037192 0.2920560960450572
12 0.7413594398230243 0.6371144177775723 0.10692220388616018 0.2893681386197041
12 0.7159097520669147 0.14564137386554304 0.10586912613590123 0.2912827477310861
22 0.812530040942044 0.13968380987752185 0.11524412613590122 0.2793676197550437
22 0.9212693401562557 0.14038191242691347 0.12708167338564208 0.28076382485382695
22 0.9426499383775369 0.6229651644233776 0.11470012324492629 0.30096120248167446
22 0.841468601733683 0.6324654865832213 0.11651552770747778 0.2947112024816745