11 0.8241882948308848 0.1895858307794548 0.3377435259731997 0.18106507338105718
11 0.3859476373005732 0.09641632857214189 0.3031047253988536 0.16352896288594837
2 0.35155232664326375 0.2493670233245875 0.3221185259731998 0.18015502076433873
2 0.7867288584556427 0.3620222729010645 0.30742696528398455 0.16067697867096395
2 0.7175121099553199 0.5908151308359246 0.33000712062859205 0.17130330101895197
5 0.7543323339183082 0.48441321239183815 0.30478390891831814 0.19117233262427652
5 0.6877332805041373 0.710998828219206 0.32526889085833055 0.17723478260310035
19 0.6570210045309375 0.8728162887566672 0.3272524566049807 0.19752453128768224
19 0.613717420740253 0.9489582286709639 0.29870131499681135 0.1020835426580721
24 0.17607538315250681 0.8825596839467533 0.29602274562859215 0.16932393657758915
30 0.21955145248882016 0.7663200339185183 0.30831982654754597 0.1948699681476203
6 0.2353692486917584 0.5973425207643388 0.3329799313178075 0.19009880364978785
7 0.28909288305678904 0.48091315493697084 0.3058644652839845 0.16058597340929204
4 0.32475645239310236 0.36421847860037676 0.28177761557115755 0.1669423892225425