11 0.7233405647150881 0.07528488056973173 0.337092334333793 0.14436580937697527
11 0.29078138110416846 0.13898758529600172 0.2878298028745439 0.14691355203690737
2 0.33737750371577746 0.2909858899586383 0.30054700610416846 0.1455010480386573
2 0.7667232723748887 0.2406189792330046 0.29217216340041363 0.1297987773710892
2 0.8191264681941451 0.46608205589595936 0.30866427225229104 0.13779309070654353
5 0.7979587878086127 0.359941143897232 0.28761132159495373 0.159004745703362
5 0.8479719943249231 0.580707629893414 0.3040560113501538 0.1440430907065437
19 0.8743087707621952 0.7334326405554142 0.25138245847560975 0.16273854670590743
19 0.8890039472739719 0.8529002558880052 0.22199210545205625 0.15351781436981646
24 0.49259785301409104 0.9071643259468661 0.278976772252291 0.1374476453691802
30 0.47420918112111804 0.7908217106142751 0.28952066513570485 0.16214792703690736
6 0.404609964968758 0.6359620352880475 0.3168219117264213 0.15505331604072553
7 0.39533616042022174 0.517166581954184 0.28887374163003815 0.12819991470399827
4 0.37078419941243645 0.4016779419557747 0.264914272252291 0.1372840133672712