11 0.14155070263782352 0.23460629409796324 0.13715902243618747 0.3120451772385636
11 0.1950564309985204 0.6742043826325739 0.14111459211195373 0.2637083751693421
2 0.34844326772070433 0.6543788042747286 0.13989723158608403 0.28073210085908257
2 0.3082179373266971 0.2211568684990798 0.12327505640642507 0.2709288543077851
2 0.5340858982118848 0.21010542458283066 0.1315627622083369 0.2896157779283041
5 0.4273156329007584 0.21098625113165376 0.15326774857120284 0.2612384724103801
5 0.6491039220155705 0.198577025103229 0.134731543667586 0.286675024027346
19 0.8021439151970036 0.17562644674538358 0.15591285658608395 0.2815714441991626
19 0.9218477349340688 0.17799677295552244 0.14758179534157848 0.2624938955786436
24 0.9497073835744796 0.6110549344209117 0.10058523285104073 0.25815939902734614
30 0.8487059564761985 0.6093020839005133 0.15656617034157838 0.26296474672063963
6 0.6944486027688959 0.6496039365686183 0.15009555897871235 0.29214045200107874
7 0.5744855024095779 0.6378176667809144 0.12323170096383115 0.27053822930778504
4 0.45946833063920245 0.6422738726829513 0.13261010909707255 0.24306832654882307