11 0.33046875 0.69765625 0.025 0.0671875
1 0.38359375 0.7078125 0.021875 0.0640625
1 0.43359375 0.7109375 0.0203125 0.0609375
1 0.35859375 0.7859375 0.01875 0.0578125
1 0.35234375 0.87578125 0.0171875 0.0515625
2 0.36953125 0.8765625 0.0234375 0.0515625
8 0.3859375 0.87578125 0.0234375 0.0484375
3 0.40234375 0.88125 0.0234375 0.0578125
3 0.3734375 0.7859375 0.021875 0.0578125
4 0.3921875 0.78984375 0.021875 0.05625
4 0.41015625 0.7921875 0.0296875 0.0609375
4 0.41875 0.71171875 0.0265625 0.0640625
5 0.40078125 0.7046875 0.021875 0.0578125
28 0.46640625 0.7140625 0.03125 0.059375
28 0.45078125 0.79765625 0.021875 0.0484375
16 0.46953125 0.8015625 0.0234375 0.0578125
24 0.48828125 0.80390625 0.028125 0.0578125
24 0.503125 0.71796875 0.0203125 0.05
19 0.4875 0.72109375 0.021875 0.059375
15 0.4609375 0.88671875 0.0203125 0.0515625
27 0.48046875 0.8890625 0.0265625 0.0515625
27 0.44453125 0.8875 0.0203125 0.053125
11 0.3109375 0.8703125 0.0328125 0.0625
11 0.3171875 0.77734375 0.03125 0.0640625