11 0.289288196334449 0.35049003577475757 0.06574999243734467 0.02454090849844608
1 0.28585412412574207 0.4037605849889693 0.06259317618056608 0.018926609284234352
1 0.2886882326351943 0.45361503577475765 0.05790340359079611 0.018317660462916763
1 0.20546718735745864 0.393445977254921 0.05632499546240686 0.0155105108558109
1 0.11714957592114014 0.4038077425564019 0.05007499546240686 0.015219412427387446
2 0.11783083197126436 0.420958855252849 0.050124992437344765 0.023813162427387447
8 0.12086038320092837 0.43721955603863727 0.04699317466803503 0.02249573821317572
3 0.11763538925105257 0.45455260525284896 0.0536156189498758 0.019680030293375596
3 0.20772457894620225 0.40818056534426217 0.05634999394987581 0.019807385855810898
4 0.2068342446372468 0.42696695264781503 0.05595936894987581 0.019789192204034477
4 0.20672516032829144 0.44571695264781513 0.05951135538619425 0.026202935070022627
4 0.28643084104645067 0.43888044768541634 0.06262726502711465 0.024785984284234175
5 0.29044617535540607 0.4199485111676518 0.05634999394987581 0.01980738585581072
28 0.29084563027406213 0.48553712386409875 0.056795161104353474 0.02920057950758732
28 0.2057121061717612 0.4855970899513681 0.04698408430895542 0.02093323821317572
16 0.20403597668326595 0.5052011145584739 0.05479658430895542 0.021297111248705036
24 0.20548939237431055 0.523878339951368 0.054823855386194255 0.025984611248705037
24 0.29141325683569114 0.5222194865605458 0.0469659035907962 0.01780823821317572
19 0.2868121152469475 0.5075940603818634 0.05634999394987581 0.019807385855810898
15 0.12042404596510672 0.5122195560386372 0.05009999394987581 0.019516287427387445
27 0.12031041647661149 0.5317508060386372 0.050143173155503984 0.026938162427387446
27 0.1173944947354427 0.495958855252849 0.052825278590796186 0.018081142989822753
11 0.11660467525721022 0.36321912985995486 0.06225709333504379 0.028283415632457842
11 0.2088376270526083 0.35111292804070926 0.06539572887366321 0.030772714846669567