11 0.3833339794777902 0.7015016020448617 0.030091164317009957 0.06747840133672725
1 0.4372285740838498 0.7122760173854067 0.026818165354306346 0.06548891366963616
1 0.48746537242417587 0.7159828200588609 0.024841268258735737 0.060001982336090796
1 0.41814853259200113 0.7901101160486796 0.023219568673654222 0.059202551002545435
1 0.41870648487637496 0.8798811407144977 0.02109467261537983 0.05176249466899989
2 0.4359531844614565 0.8808623853834977 0.0274334719930021 0.0530070950031817
8 0.45230023487637494 0.8802720393857248 0.025935999275053766 0.04869658400302264
3 0.46912088197194546 0.8859316933879521 0.027729469918409678 0.0569133450031817
3 0.4329922825920011 0.7902828387173614 0.02634456867365422 0.05923891366963616
4 0.45203828051740863 0.7944072647199066 0.02613737012586892 0.05650453866963616
4 0.4701846292726531 0.7969601000556793 0.034216268258735735 0.060111070337363515
4 0.4726808220092574 0.7165913473901793 0.030244990976683893 0.06435794667011337
5 0.4541792757435238 0.7093510120544065 0.02634456867365422 0.05923891366963616
28 0.5205146707645019 0.7194896280633152 0.0357491684661948 0.059738626670909054
28 0.5112240263682237 0.8029015647278609 0.02554537427505359 0.04869203866963616
16 0.5302700242936312 0.8070259907304062 0.027907068673654223 0.0592570950031817
24 0.5491976230488758 0.8095879167329516 0.03250576929603177 0.05813976400381797
24 0.5575294186899095 0.7238231394016332 0.02292939844521662 0.05022272133593173
19 0.5421412170302355 0.7267663260661787 0.0263741684661948 0.05962953866963616
15 0.528129029067516 0.8920822433959064 0.02539154761537965 0.05181249333625004
27 0.5478378778227606 0.8946532600652244 0.0305584719930021 0.05304345767027243
27 0.5117819786525976 0.8926725893936791 0.024338071785542682 0.05336135733609097
11 0.3768858377808043 0.8739305853755436 0.03872034180652095 0.06289544400461367
11 0.3760910871561044 0.7810345607097253 0.03610436597668398 0.06442612667090888