11 0.3248695301916117 0.719972321545006 0.023751760515449583 0.06657106989237604
1 0.3769676187262224 0.7270977708830522 0.01875718368371304 0.060493371071058635
1 0.42630919945891704 0.7270464210068868 0.017092324739800803 0.05846747146395259
1 0.3564260673921699 0.8052398875084407 0.017010437584671044 0.05690497146395259
1 0.3549653867049038 0.8928854367226524 0.015038501809022265 0.04901969685684691
2 0.3714125802824687 0.8928683200972639 0.02137038896415202 0.05087329528527036
8 0.3879416610151633 0.8912887034718754 0.021206614653892508 0.04774829528527036
3 0.40492444312733894 0.8959954741500399 0.020114965795888652 0.05665989567816432
3 0.3713517045472997 0.8043687462759463 0.021307312584671046 0.05710510163349376
4 0.3892795109697348 0.8059869042576636 0.019992135063194017 0.05431614567816458
4 0.40794762381460503 0.808422699542934 0.026405909373453485 0.05773224410658777
4 0.4121238687262224 0.728735199542934 0.02358798620519007 0.06344606989237622
5 0.39361953019161167 0.7231744042576637 0.01855246579588865 0.056587121071058635
28 0.45834044945891705 0.7285383004525569 0.027947937584671047 0.05741439371369381
28 0.44692823665947534 0.8118045647205804 0.019623642865110112 0.04728489567816459
16 0.4663775995043456 0.8142767473094036 0.01894309079588865 0.05660531472283514
24 0.4851685430819105 0.814368792594674 0.02435042542954129 0.05568815084770549
24 0.495059199458917 0.7302485037195444 0.016519114653892508 0.04752997146395259
19 0.48001073157109264 0.7334633949520388 0.018572937584671045 0.056977746071058634
15 0.4619966367049038 0.8978704973094036 0.01824538896415202 0.050727746071058635
27 0.4807466367049038 0.898743792594674 0.024413501809022263 0.04945634449948209
27 0.44546755597220916 0.8994501139347921 0.01682619148562914 0.05338934646395259
11 0.3143813302824687 0.8902120469379001 0.02967421189493056 0.0606121683207995
11 0.3152654788575592 0.7986238604201356 0.027802974050060315 0.06208370006191721