11 0.27444976654433517 0.3317193398249735 0.06662565084770548 0.028768089355770066
1 0.26885042990273605 0.3851911833657244 0.06324593972283506 0.02295249581501917
1 0.26964664247534864 0.4348443398249735 0.058540246071058635 0.022041605503892826
1 0.1890366513666888 0.3800599045400615 0.056850390508623325 0.0191338087335172
1 0.10046430293826536 0.396108234566276 0.050600390508623326 0.01844012165201523
2 0.10044503226010093 0.41320902368108825 0.05100065084770553 0.027033871652015228
8 0.10280589888548944 0.4292684301403373 0.04782106989237613 0.025515153111264333
3 0.098880378207325 0.4468027736810882 0.05431614567816443 0.02312719563536021
3 0.19068904259918315 0.3946435218844983 0.05705052067816445 0.0234306837335172
4 0.18903449731391286 0.41348023276968604 0.05665989567816441 0.02338732829092329
4 0.18816120202864256 0.43223023276968603 0.06046661910658786 0.030027527274268096
4 0.26799425124285425 0.4202607224805367 0.063518844499482 0.02881187081501917
5 0.27277379652812456 0.401077168054598 0.0570505206781645 0.0234306837335172
28 0.27049851302967853 0.4666154571694102 0.057877793320799585 0.03284903917611111
28 0.1855241995474432 0.4721606936548738 0.04774829528527027 0.023952653111264332
16 0.18305201695862 0.4918653654252493 0.05556079528527032 0.024819761963141573
24 0.1837412216733497 0.5104419436548737 0.05577911910658786 0.02950726196314175
24 0.2695695597626909 0.5032474962842225 0.04760274607105863 0.020827653111264333
19 0.26557341853019656 0.48892401159534893 0.05705052067816441 0.0234306837335172
15 0.09931271774440828 0.5042684301403373 0.05080052067816443 0.02273699665201523
27 0.09840303515558506 0.5237996801403373 0.05114620006191726 0.03015887165201523
27 0.09695185111901977 0.4882090236810882 0.05346212107105856 0.021477984750172395
11 0.10157519272301765 0.3555699454514637 0.06329196236547019 0.03228414037242526
11 0.19412656575854695 0.3375255609993105 0.06652612427612899 0.03497473391317616