11 0.29140625 0.3640625 0.065625 0.0203125
1 0.28828125 0.4171875 0.0625 0.0171875
1 0.29140625 0.4671875 0.0578125 0.015625
1 0.2078125 0.403125 0.05625 0.0140625
1 0.11953125 0.409375 0.05 0.0140625
2 0.1203125 0.4265625 0.05 0.0203125
8 0.1234375 0.44296875 0.046875 0.0203125
3 0.1203125 0.46015625 0.0546875 0.0171875
3 0.21015625 0.41796875 0.05625 0.0171875
4 0.209375 0.43671875 0.0546875 0.0171875
4 0.209375 0.45546875 0.059375 0.0234375
4 0.2890625 0.45234375 0.0625 0.021875
5 0.29296875 0.43359375 0.05625 0.0171875
28 0.29375 0.49921875 0.0578125 0.0265625
28 0.20859375 0.4953125 0.046875 0.01875
16 0.20703125 0.51484375 0.0546875 0.01875
24 0.20859375 0.53359375 0.0546875 0.0234375
24 0.29453125 0.5359375 0.046875 0.015625
19 0.28984375 0.52109375 0.05625 0.0171875
15 0.1234375 0.51796875 0.05 0.0171875
27 0.1234375 0.5375 0.05 0.0234375
27 0.1203125 0.5015625 0.0515625 0.015625
11 0.11875 0.36875 0.0609375 0.0265625
11 0.2109375 0.3609375 0.0640625 0.0265625